1699
3746
7014
2020
7833
7671
181
3801
5414
4937
481
3476
2991
6844
976
1103
4618
8586
8332
6807
5324
7993
895
2182
5169
806
4955
9305
2756
153
3329
7836
6998
9280
5296
1262
1022
5336
9074
2072
6909
9265
8240
8060
2864
6054
5566
7942
1172
5695
9961
6093
6048
5703
5053
5078
5572
9756
90
5080
5174
9140
128
6500
9512
2643
920
6109
576
5144
3884
4812
769
6914
4848
3431
2381
5254
3213
2676
4814
8984
8156
239
4530
4700
4796
339
4591
6656
8643
9115
7376
1941
5925
2015
675
308
8463
7565
5648
2543
1455
7526
4714
8704
304
5154
9494
80
9573
1896
5769
9198
2353
4300
2804
1594
6941
3187
1629
1519
5237
9972
8659
5933
5372
9167
831
5193
2405
581
1820
251
7217
60
5744
1782
1122
6097
7933
8471
4847
1098
2151
6768
9401
3174
2431
8422
2112
6323
3232
2248
4595
8756
8995
59
231
6245
4415
4737
9765
2197
8563
519
2013
6926
271
6816
1116
1625
3943
7580
8121
1018
6974
7424
2535
3828
3014
2018
9039
4093
9589
7772
8877
5107
9976
8517
2204
9243
7375
4357
3890
6921
3855
638
3280
4316
1949
3483
5257
5825
6106
1714
7488
9604
4347
7454
4436
4074
8591
6465
314
1479
8288
7521
5653
6893
5852
9457
8218
5076
8547
9175
4534
1153
5704
4465
5062
3240
1078
4246
7160
5921
2043
1614
3562
260
1994
1328
363
6764
1232
8339
8065
6653
3083
6810
9511
5889
3480
561
1886
8207
8413
532
8295
3838
5999
9306
5249
7660
8744
5283
9856
927
8598
2731
5946
5156
3590
2928
6798
6755
5655
9431
7864
7458
1298
5879
4609
3016
580
5550
1796
9191
3194
8740
1837
3081
790
29
4935
9884
3395
654
6867
6229
4234
20
3800
6192
2865
4434
402
9619
2831
5747
1431
6813
2769
9156
307
4503
553
584
9214
200
6375
1932
9277
7559
8736
3230
8498
4550
5815
4034
5485
9603
1997
2175
2397
516
3554
1193
6507
3557
419
5139
436
421
45
7168
1717
665
2963
9221
1762
6911
3311
5478
213
9092
6752
2803
9161
4061
2619
9847
2536
1228
6829
8708
9273
9932
106
1715
2347
4442
399
985
2288
7572
1067
8506
3336
9237
6647
5022
8614
4964
5357
5636
1679
5656
107
9063
627
9166
9047
9211
5007
4784
5836
6992
607
7338
5860
7584
1451
6469
1846
1280
4746
959
736
9287
7998
8069
7951
6537
9404
5138
776
8229
5770
8738
5581
7404
2422
6823
9181
4414
6592
8355
4179
1866
1478
8063
2667
4535
9103
9451
4266
6884
6498
2972
1916
9935
1247
8262
9531
979
5028
1976
5501
6779
448
1296
1826
6279
2101
82
3357
5406
1462
3726
8416
5875
775
3519
6380
4292
4182
1053
1902
5140
9792
26
2328
3085
9598
1506
2257
6247
770
1887
3967
5175
5989
9606
9259
1939
822
1526
5056
9209
8375
6249
3116
3552
193
5548
1572
5578
3015
1486
